// @generated by scripts/gen_phash_basis.py — DO NOT EDIT BY HAND.
// The 32-point DCT-II basis matrix, baked as f64 literals so the Rust and the
// browser (TS) hashers share bit-identical constants — see `web/src/lib/scan/
// phash-basis.ts`, which is generated from the same values. Regenerate both with
// `python3 scripts/gen_phash_basis.py`.

pub const DCT_N: usize = 32;

pub static DCT_BASIS: [[f64; 32]; 32] = [
    [
        0.1767766952966369,
        0.1767766952966369,
        0.1767766952966369,
        0.1767766952966369,
        0.1767766952966369,
        0.1767766952966369,
        0.1767766952966369,
        0.1767766952966369,
        0.1767766952966369,
        0.1767766952966369,
        0.1767766952966369,
        0.1767766952966369,
        0.1767766952966369,
        0.1767766952966369,
        0.1767766952966369,
        0.1767766952966369,
        0.1767766952966369,
        0.1767766952966369,
        0.1767766952966369,
        0.1767766952966369,
        0.1767766952966369,
        0.1767766952966369,
        0.1767766952966369,
        0.1767766952966369,
        0.1767766952966369,
        0.1767766952966369,
        0.1767766952966369,
        0.1767766952966369,
        0.1767766952966369,
        0.1767766952966369,
        0.1767766952966369,
        0.1767766952966369,
    ],
    [
        0.2496988640512931,
        0.24729412749119525,
        0.242507813298636,
        0.2353860162957552,
        0.22599732328086083,
        0.21443215250006803,
        0.20080188287016124,
        0.1852377813387398,
        0.16788973871175458,
        0.14892482612310837,
        0.12852568604830542,
        0.10688877335757055,
        0.08422246334805501,
        0.060745044975815995,
        0.03668261861384044,
        0.012266918581854531,
        -0.012266918581854502,
        -0.03668261861384041,
        -0.06074504497581597,
        -0.08422246334805499,
        -0.10688877335757047,
        -0.12852568604830542,
        -0.14892482612310834,
        -0.1678897387117546,
        -0.18523778133873972,
        -0.2008018828701612,
        -0.214432152500068,
        -0.22599732328086083,
        -0.23538601629575517,
        -0.242507813298636,
        -0.24729412749119525,
        -0.2496988640512931,
    ],
    [
        0.24879618166804923,
        0.2392350839330522,
        0.22048031608708876,
        0.19325261334068425,
        0.15859832104091137,
        0.11784918420649945,
        0.07257116931361558,
        0.024504285082390193,
        -0.02450428508239016,
        -0.07257116931361554,
        -0.11784918420649942,
        -0.15859832104091134,
        -0.19325261334068425,
        -0.22048031608708873,
        -0.2392350839330522,
        -0.2487961816680492,
        -0.24879618166804923,
        -0.23923508393305223,
        -0.22048031608708876,
        -0.19325261334068428,
        -0.15859832104091146,
        -0.11784918420649948,
        -0.07257116931361561,
        -0.024504285082390113,
        0.024504285082390023,
        0.07257116931361551,
        0.1178491842064994,
        0.1585983210409114,
        0.19325261334068417,
        0.2204803160870887,
        0.2392350839330522,
        0.24879618166804923,
    ],
    [
        0.24729412749119525,
        0.22599732328086083,
        0.1852377813387398,
        0.12852568604830542,
        0.060745044975815995,
        -0.012266918581854446,
        -0.08422246334805504,
        -0.14892482612310826,
        -0.20080188287016126,
        -0.23538601629575517,
        -0.2496988640512931,
        -0.242507813298636,
        -0.21443215250006806,
        -0.16788973871175467,
        -0.10688877335757062,
        -0.036682618613840576,
        0.036682618613840486,
        0.10688877335757054,
        0.1678897387117546,
        0.214432152500068,
        0.24250781329863594,
        0.2496988640512931,
        0.23538601629575517,
        0.20080188287016118,
        0.14892482612310848,
        0.08422246334805522,
        0.012266918581854538,
        -0.06074504497581613,
        -0.12852568604830536,
        -0.18523778133873983,
        -0.22599732328086078,
        -0.24729412749119525,
    ],
    [
        0.2451963201008076,
        0.2078674030756363,
        0.13889255825490057,
        0.04877258050403208,
        -0.04877258050403205,
        -0.1388925582549005,
        -0.20786740307563634,
        -0.2451963201008076,
        -0.2451963201008076,
        -0.20786740307563636,
        -0.13889255825490054,
        -0.048772580504032166,
        0.048772580504032076,
        0.13889255825490046,
        0.2078674030756363,
        0.24519632010080758,
        0.2451963201008076,
        0.20786740307563636,
        0.13889255825490057,
        0.048772580504032194,
        -0.048772580504031826,
        -0.13889255825490043,
        -0.20786740307563628,
        -0.24519632010080764,
        -0.24519632010080766,
        -0.2078674030756364,
        -0.1388925582549006,
        -0.048772580504032007,
        0.0487725805040318,
        0.1388925582549004,
        0.20786740307563628,
        0.2451963201008076,
    ],
    [
        0.242507813298636,
        0.1852377813387398,
        0.08422246334805501,
        -0.03668261861384041,
        -0.14892482612310834,
        -0.22599732328086078,
        -0.2496988640512931,
        -0.21443215250006806,
        -0.12852568604830544,
        -0.012266918581854507,
        0.10688877335757054,
        0.20080188287016112,
        0.24729412749119525,
        0.23538601629575523,
        0.16788973871175453,
        0.06074504497581606,
        -0.06074504497581613,
        -0.16788973871175442,
        -0.23538601629575512,
        -0.24729412749119528,
        -0.20080188287016135,
        -0.10688877335757067,
        0.012266918581854355,
        0.1285256860483057,
        0.21443215250006797,
        0.2496988640512931,
        0.22599732328086086,
        0.14892482612310837,
        0.03668261861384089,
        -0.08422246334805461,
        -0.1852377813387398,
        -0.24250781329863602,
    ],
    [
        0.2392350839330522,
        0.15859832104091137,
        0.024504285082390193,
        -0.11784918420649942,
        -0.22048031608708873,
        -0.24879618166804923,
        -0.19325261334068422,
        -0.07257116931361582,
        0.07257116931361574,
        0.19325261334068417,
        0.24879618166804923,
        0.22048031608708876,
        0.1178491842064995,
        -0.02450428508238999,
        -0.1585983210409112,
        -0.23923508393305212,
        -0.23923508393305218,
        -0.15859832104091134,
        -0.02450428508239017,
        0.11784918420649934,
        0.22048031608708848,
        0.24879618166804923,
        0.19325261334068414,
        0.07257116931361549,
        -0.07257116931361522,
        -0.19325261334068394,
        -0.2487961816680492,
        -0.2204803160870886,
        -0.11784918420649958,
        0.02450428508239034,
        0.15859832104091112,
        0.23923508393305223,
    ],
    [
        0.2353860162957552,
        0.12852568604830542,
        -0.03668261861384041,
        -0.18523778133873972,
        -0.2496988640512931,
        -0.20080188287016132,
        -0.060745044975815815,
        0.10688877335757034,
        0.22599732328086086,
        0.24250781329863608,
        0.1489248261231083,
        -0.012266918581854386,
        -0.16788973871175472,
        -0.24729412749119517,
        -0.21443215250006809,
        -0.08422246334805525,
        0.08422246334805505,
        0.21443215250006797,
        0.24729412749119523,
        0.1678897387117549,
        0.012266918581855043,
        -0.14892482612310814,
        -0.24250781329863602,
        -0.22599732328086086,
        -0.10688877335757113,
        0.06074504497581561,
        0.20080188287016118,
        0.2496988640512931,
        0.18523778133874003,
        0.03668261861384051,
        -0.12852568604830564,
        -0.23538601629575537,
    ],
    [
        0.23096988312782168,
        0.09567085809127246,
        -0.09567085809127243,
        -0.23096988312782168,
        -0.2309698831278217,
        -0.09567085809127258,
        0.0956708580912725,
        0.23096988312782163,
        0.23096988312782166,
        0.09567085809127261,
        -0.09567085809127247,
        -0.2309698831278216,
        -0.23096988312782168,
        -0.09567085809127264,
        0.09567085809127245,
        0.2309698831278216,
        0.23096988312782168,
        0.09567085809127267,
        -0.09567085809127242,
        -0.2309698831278216,
        -0.23096988312782188,
        -0.0956708580912727,
        0.09567085809127239,
        0.23096988312782174,
        0.23096988312782188,
        0.09567085809127272,
        -0.09567085809127236,
        -0.23096988312782174,
        -0.2309698831278219,
        -0.09567085809127275,
        0.09567085809127233,
        0.2309698831278217,
    ],
    [
        0.22599732328086083,
        0.060745044975815995,
        -0.14892482612310834,
        -0.2496988640512931,
        -0.16788973871175467,
        0.03668261861384027,
        0.214432152500068,
        0.23538601629575523,
        0.08422246334805501,
        -0.12852568604830536,
        -0.24729412749119525,
        -0.18523778133873994,
        0.012266918581854355,
        0.2008018828701612,
        0.24250781329863597,
        0.1068887733575707,
        -0.10688877335757045,
        -0.2425078132986359,
        -0.20080188287016137,
        -0.01226691858185463,
        0.1852377813387392,
        0.24729412749119523,
        0.1285256860483052,
        -0.08422246334805539,
        -0.23538601629575506,
        -0.21443215250006814,
        -0.03668261861384054,
        0.1678897387117546,
        0.24969886405129313,
        0.1489248261231088,
        -0.06074504497581552,
        -0.2259973232808607,
    ],
    [
        0.22048031608708876,
        0.024504285082390193,
        -0.19325261334068425,
        -0.23923508393305223,
        -0.07257116931361561,
        0.15859832104091123,
        0.2487961816680492,
        0.1178491842064995,
        -0.11784918420649937,
        -0.24879618166804923,
        -0.15859832104091134,
        0.07257116931361525,
        0.23923508393305226,
        0.19325261334068441,
        -0.024504285082390373,
        -0.22048031608708868,
        -0.2204803160870886,
        -0.024504285082390675,
        0.19325261334068394,
        0.23923508393305234,
        0.07257116931361597,
        -0.1585983210409111,
        -0.24879618166804926,
        -0.11784918420649886,
        0.11784918420649923,
        0.2487961816680492,
        0.15859832104091146,
        -0.07257116931361553,
        -0.23923508393305196,
        -0.19325261334068478,
        0.02450428508239022,
        0.22048031608708882,
    ],
    [
        0.21443215250006803,
        -0.012266918581854502,
        -0.22599732328086083,
        -0.20080188287016124,
        0.036682618613840486,
        0.23538601629575512,
        0.18523778133873964,
        -0.0607450449758157,
        -0.24250781329863602,
        -0.16788973871175486,
        0.08422246334805505,
        0.24729412749119517,
        0.14892482612310837,
        -0.10688877335757006,
        -0.2496988640512931,
        -0.12852568604830594,
        0.12852568604830567,
        0.24969886405129313,
        0.10688877335757035,
        -0.14892482612310773,
        -0.24729412749119536,
        -0.08422246334805579,
        0.1678897387117546,
        0.242507813298636,
        0.060745044975816884,
        -0.18523778133873972,
        -0.23538601629575523,
        -0.036682618613840604,
        0.20080188287016057,
        0.22599732328086095,
        0.012266918581853895,
        -0.2144321525000683,
    ],
    [
        0.2078674030756363,
        -0.04877258050403205,
        -0.2451963201008076,
        -0.13889255825490054,
        0.13889255825490046,
        0.24519632010080766,
        0.04877258050403198,
        -0.20786740307563606,
        -0.20786740307563614,
        0.0487725805040318,
        0.2451963201008076,
        0.13889255825490063,
        -0.13889255825490038,
        -0.24519632010080766,
        -0.048772580504032506,
        0.207867403075636,
        0.2078674030756362,
        -0.048772580504032145,
        -0.2451963201008076,
        -0.1388925582549007,
        0.13889255825489957,
        0.2451963201008077,
        0.04877258050403172,
        -0.20786740307563642,
        -0.20786740307563675,
        0.04877258050403118,
        0.24519632010080758,
        0.13889255825490004,
        -0.13889255825490024,
        -0.24519632010080752,
        -0.04877258050403268,
        0.2078674030756364,
    ],
    [
        0.20080188287016124,
        -0.08422246334805499,
        -0.2496988640512931,
        -0.06074504497581603,
        0.214432152500068,
        0.18523778133873994,
        -0.10688877335757052,
        -0.24729412749119528,
        -0.036682618613840416,
        0.22599732328086075,
        0.16788973871175455,
        -0.1285256860483053,
        -0.24250781329863597,
        -0.01226691858185463,
        0.2353860162957551,
        0.14892482612310876,
        -0.14892482612310845,
        -0.2353860162957552,
        0.012266918581854231,
        0.24250781329863588,
        0.12852568604830603,
        -0.1678897387117546,
        -0.22599732328086092,
        0.0366826186138409,
        0.24729412749119514,
        0.10688877335757127,
        -0.18523778133874028,
        -0.21443215250006775,
        0.060745044975814566,
        0.2496988640512931,
        0.0842224633480551,
        -0.20080188287016104,
    ],
    [
        0.19325261334068425,
        -0.11784918420649942,
        -0.23923508393305223,
        0.024504285082390023,
        0.24879618166804923,
        0.07257116931361585,
        -0.2204803160870889,
        -0.15859832104091168,
        0.15859832104091154,
        0.220480316087089,
        -0.07257116931361564,
        -0.24879618166804923,
        -0.024504285082389794,
        0.23923508393305198,
        0.1178491842064996,
        -0.19325261334068392,
        -0.1932526133406842,
        0.11784918420649923,
        0.2392350839330521,
        -0.024504285082389367,
        -0.24879618166804912,
        -0.07257116931361605,
        0.22048031608708882,
        0.1585983210409115,
        -0.15859832104091032,
        -0.22048031608708912,
        0.07257116931361544,
        0.24879618166804918,
        0.02450428508239089,
        -0.23923508393305218,
        -0.11784918420649901,
        0.1932526133406849,
    ],
    [
        0.1852377813387398,
        -0.14892482612310834,
        -0.21443215250006806,
        0.10688877335757054,
        0.23538601629575523,
        -0.0607450449758157,
        -0.2472941274911952,
        0.012266918581854355,
        0.2496988640512931,
        0.03668261861384089,
        -0.24250781329863602,
        -0.08422246334805573,
        0.22599732328086072,
        0.12852568604830597,
        -0.20080188287016115,
        -0.16788973871175497,
        0.1678897387117546,
        0.20080188287016143,
        -0.12852568604830558,
        -0.22599732328086092,
        0.08422246334805446,
        0.24250781329863624,
        -0.036682618613840874,
        -0.2496988640512931,
        -0.012266918581854813,
        0.24729412749119514,
        0.060745044975817,
        -0.2353860162957553,
        -0.10688877335757216,
        0.2144321525000678,
        0.14892482612310898,
        -0.1852377813387402,
    ],
    [
        0.1767766952966369,
        -0.17677669529663687,
        -0.17677669529663692,
        0.17677669529663684,
        0.17677669529663692,
        -0.17677669529663667,
        -0.1767766952966368,
        0.17677669529663664,
        0.1767766952966368,
        -0.17677669529663662,
        -0.17677669529663684,
        0.17677669529663662,
        0.17677669529663687,
        -0.1767766952966366,
        -0.1767766952966369,
        0.17677669529663656,
        0.1767766952966369,
        -0.17677669529663653,
        -0.17677669529663692,
        0.1767766952966365,
        0.17677669529663756,
        -0.17677669529663648,
        -0.17677669529663698,
        0.1767766952966371,
        0.17677669529663761,
        -0.17677669529663645,
        -0.176776695296637,
        0.17677669529663706,
        0.17677669529663767,
        -0.17677669529663642,
        -0.17677669529663706,
        0.176776695296637,
    ],
    [
        0.16788973871175458,
        -0.2008018828701612,
        -0.12852568604830544,
        0.22599732328086078,
        0.08422246334805501,
        -0.2425078132986359,
        -0.036682618613840416,
        0.24969886405129307,
        -0.012266918581854767,
        -0.24729412749119528,
        0.06074504497581647,
        0.2353860162957552,
        -0.1068887733575708,
        -0.21443215250006814,
        0.14892482612310842,
        0.18523778133874005,
        -0.18523778133873972,
        -0.14892482612310884,
        0.21443215250006786,
        0.10688877335757127,
        -0.23538601629575473,
        -0.060745044975816107,
        0.24729412749119514,
        0.012266918581853957,
        -0.24969886405129318,
        0.0366826186138399,
        0.24250781329863583,
        -0.08422246334805515,
        -0.225997323280861,
        0.12852568604830464,
        0.20080188287016104,
        -0.16788973871175442,
    ],
    [
        0.15859832104091137,
        -0.22048031608708873,
        -0.07257116931361561,
        0.24879618166804923,
        -0.02450428508238999,
        -0.23923508393305232,
        0.11784918420649934,
        0.19325261334068441,
        -0.19325261334068425,
        -0.11784918420649958,
        0.23923508393305223,
        0.024504285082390706,
        -0.24879618166804926,
        0.07257116931361556,
        0.22048031608708865,
        -0.15859832104091107,
        -0.15859832104091148,
        0.2204803160870884,
        0.07257116931361608,
        -0.2487961816680492,
        0.024504285082388392,
        0.23923508393305215,
        -0.11784918420649988,
        -0.19325261334068375,
        0.19325261334068378,
        0.11784918420649983,
        -0.23923508393305215,
        -0.024504285082390095,
        0.24879618166804937,
        -0.07257116931361444,
        -0.2204803160870892,
        0.15859832104091084,
    ],
    [
        0.14892482612310837,
        -0.23538601629575517,
        -0.012266918581854507,
        0.24250781329863602,
        -0.12852568604830536,
        -0.16788973871175486,
        0.22599732328086095,
        0.03668261861384089,
        -0.24729412749119523,
        0.10688877335757004,
        0.18523778133874003,
        -0.21443215250006792,
        -0.06074504497581599,
        0.24969886405129313,
        -0.08422246334805533,
        -0.20080188287016146,
        0.2008018828701611,
        0.08422246334805504,
        -0.24969886405129307,
        0.060745044975814566,
        0.21443215250006822,
        -0.18523778133873903,
        -0.10688877335757055,
        0.2472941274911954,
        -0.036682618613838994,
        -0.225997323280861,
        0.16788973871175378,
        0.12852568604830547,
        -0.24250781329863583,
        0.01226691858185304,
        0.23538601629575534,
        -0.14892482612310887,
    ],
    [
        0.13889255825490057,
        -0.2451963201008076,
        0.048772580504032076,
        0.20786740307563636,
        -0.20786740307563628,
        -0.048772580504032444,
        0.24519632010080758,
        -0.13889255825490038,
        -0.13889255825490066,
        0.2451963201008076,
        -0.048772580504032145,
        -0.20786740307563673,
        0.20786740307563645,
        0.04877258050403259,
        -0.24519632010080752,
        0.13889255825490027,
        0.13889255825490004,
        -0.2451963201008074,
        0.04877258050403112,
        0.20786740307563678,
        -0.2078674030756359,
        -0.04877258050403274,
        0.24519632010080772,
        -0.1388925582549016,
        -0.1388925582549009,
        0.24519632010080755,
        -0.04877258050403184,
        -0.2078674030756364,
        0.20786740307563528,
        0.04877258050403376,
        -0.24519632010080758,
        0.13889255825490074,
    ],
    [
        0.12852568604830542,
        -0.2496988640512931,
        0.10688877335757054,
        0.1489248261231083,
        -0.24729412749119525,
        0.08422246334805464,
        0.16788973871175455,
        -0.2425078132986359,
        0.06074504497581647,
        0.18523778133874003,
        -0.23538601629575537,
        0.03668261861384008,
        0.20080188287016143,
        -0.2259973232808607,
        0.01226691858185417,
        0.2144321525000682,
        -0.2144321525000683,
        -0.012266918581854813,
        0.22599732328086058,
        -0.20080188287016104,
        -0.0366826186138416,
        0.23538601629575528,
        -0.1852377813387402,
        -0.06074504497581623,
        0.24250781329863627,
        -0.16788973871175442,
        -0.0842224633480544,
        0.24729412749119528,
        -0.14892482612310745,
        -0.10688877335757072,
        0.24969886405129316,
        -0.12852568604830678,
    ],
    [
        0.11784918420649945,
        -0.24879618166804923,
        0.1585983210409114,
        0.07257116931361564,
        -0.23923508393305218,
        0.19325261334068397,
        0.024504285082389762,
        -0.22048031608708904,
        0.22048031608708887,
        -0.024504285082389426,
        -0.1932526133406842,
        0.23923508393305196,
        -0.07257116931361553,
        -0.15859832104091218,
        0.2487961816680492,
        -0.11784918420649837,
        -0.11784918420649897,
        0.24879618166804934,
        -0.15859832104091165,
        -0.07257116931361703,
        0.23923508393305268,
        -0.1932526133406832,
        -0.024504285082390095,
        0.22048031608708876,
        -0.22048031608708787,
        0.024504285082389974,
        0.19325261334068441,
        -0.23923508393305212,
        0.0725711693136135,
        0.15859832104091173,
        -0.24879618166804934,
        0.11784918420650042,
    ],
    [
        0.10688877335757055,
        -0.242507813298636,
        0.20080188287016126,
        -0.012266918581854386,
        -0.18523778133873994,
        0.24729412749119517,
        -0.12852568604830567,
        -0.08422246334805573,
        0.2353860162957552,
        -0.21443215250006792,
        0.03668261861384008,
        0.167889738711755,
        -0.2496988640512931,
        0.14892482612310765,
        0.06074504497581522,
        -0.22599732328086095,
        0.22599732328086103,
        -0.0607450449758154,
        -0.14892482612310823,
        0.24969886405129316,
        -0.16788973871175314,
        -0.03668261861384166,
        0.21443215250006828,
        -0.23538601629575526,
        0.08422246334805424,
        0.12852568604830553,
        -0.24729412749119542,
        0.1852377813387395,
        0.01226691858185775,
        -0.20080188287016168,
        0.24250781329863555,
        -0.10688877335757116,
    ],
    [
        0.09567085809127246,
        -0.2309698831278217,
        0.23096988312782163,
        -0.09567085809127247,
        -0.09567085809127264,
        0.23096988312782185,
        -0.23096988312782177,
        0.09567085809127157,
        0.0956708580912719,
        -0.2309698831278219,
        0.2309698831278217,
        -0.0956708580912723,
        -0.0956708580912728,
        0.23096988312782193,
        -0.23096988312782135,
        0.09567085809127139,
        0.09567085809127207,
        -0.23096988312782163,
        0.23096988312782166,
        -0.09567085809127213,
        -0.09567085809127462,
        0.23096988312782202,
        -0.23096988312782196,
        0.09567085809127286,
        0.09567085809127389,
        -0.23096988312782238,
        0.23096988312782157,
        -0.0956708580912736,
        -0.09567085809127315,
        0.2309698831278214,
        -0.2309698831278212,
        0.0956708580912727,
    ],
    [
        0.08422246334805501,
        -0.21443215250006806,
        0.24729412749119523,
        -0.16788973871175442,
        0.012266918581854355,
        0.14892482612310873,
        -0.24250781329863597,
        0.22599732328086072,
        -0.1068887733575708,
        -0.060745044975816856,
        0.2008018828701609,
        -0.24969886405129307,
        0.1852377813387397,
        -0.03668261861383912,
        -0.1285256860483061,
        0.23538601629575526,
        -0.2353860162957553,
        0.12852568604830467,
        0.03668261861384075,
        -0.1852377813387408,
        0.24969886405129316,
        -0.20080188287016099,
        0.06074504497581611,
        0.10688877335756988,
        -0.2259973232808618,
        0.24250781329863558,
        -0.1489248261231088,
        -0.012266918581853345,
        0.16788973871175597,
        -0.24729412749119542,
        0.21443215250006764,
        -0.08422246334805486,
    ],
    [
        0.07257116931361558,
        -0.19325261334068428,
        0.24879618166804923,
        -0.2204803160870887,
        0.11784918420649934,
        0.024504285082390647,
        -0.1585983210409114,
        0.23923508393305234,
        -0.23923508393305223,
        0.1585983210409111,
        -0.024504285082390248,
        -0.11784918420649969,
        0.22048031608708868,
        -0.2487961816680492,
        0.19325261334068383,
        -0.07257116931361456,
        -0.07257116931361532,
        0.19325261334068433,
        -0.2487961816680493,
        0.22048031608708832,
        -0.1178491842064982,
        -0.024504285082390158,
        0.1585983210409117,
        -0.23923508393305196,
        0.23923508393305185,
        -0.1585983210409101,
        0.024504285082391622,
        0.11784918420649847,
        -0.22048031608709012,
        0.24879618166804923,
        -0.19325261334068414,
        0.07257116931361503,
    ],
    [
        0.060745044975815995,
        -0.16788973871175467,
        0.23538601629575523,
        -0.24729412749119525,
        0.2008018828701612,
        -0.10688877335757006,
        -0.01226691858185463,
        0.12852568604830597,
        -0.21443215250006814,
        0.24969886405129313,
        -0.2259973232808607,
        0.14892482612310765,
        -0.036682618613840874,
        -0.0842224633480559,
        0.18523778133874014,
        -0.24250781329863605,
        0.24250781329863605,
        -0.185237781338739,
        0.08422246334805429,
        0.03668261861384081,
        -0.14892482612310975,
        0.22599732328086142,
        -0.24969886405129305,
        0.2144321525000686,
        -0.12852568604830372,
        0.012266918581854691,
        0.1068887733575716,
        -0.20080188287016065,
        0.2472941274911953,
        -0.2353860162957546,
        0.16788973871175486,
        -0.06074504497581498,
    ],
    [
        0.04877258050403208,
        -0.13889255825490054,
        0.20786740307563636,
        -0.24519632010080766,
        0.2451963201008076,
        -0.207867403075636,
        0.1388925582549011,
        -0.04877258050403127,
        -0.048772580504031694,
        0.13889255825490146,
        -0.20786740307563625,
        0.24519632010080772,
        -0.24519632010080775,
        0.2078674030756354,
        -0.13889255825490018,
        0.04877258050403106,
        0.0487725805040319,
        -0.1388925582549009,
        0.2078674030756359,
        -0.2451963201008079,
        0.2451963201008072,
        -0.20786740307563578,
        0.13889255825490074,
        -0.04877258050403172,
        -0.04877258050403473,
        0.13889255825490182,
        -0.20786740307563648,
        0.24519632010080744,
        -0.24519632010080733,
        0.20786740307563614,
        -0.13889255825490132,
        0.04877258050403412,
    ],
    [
        0.03668261861384044,
        -0.10688877335757062,
        0.16788973871175467,
        -0.21443215250006809,
        0.24250781329863608,
        -0.24969886405129307,
        0.23538601629575537,
        -0.20080188287016063,
        0.14892482612310842,
        -0.08422246334805449,
        0.012266918581855059,
        0.06074504497581694,
        -0.1285256860483061,
        0.18523778133874014,
        -0.22599732328086097,
        0.24729412749119525,
        -0.24729412749119525,
        0.22599732328086022,
        -0.18523778133874014,
        0.12852568604830458,
        -0.0607450449758135,
        -0.012266918581855057,
        0.08422246334805533,
        -0.14892482612310842,
        0.2008018828701633,
        -0.2353860162957551,
        0.24969886405129307,
        -0.2425078132986362,
        0.2144321525000667,
        -0.16788973871175286,
        0.10688877335756862,
        -0.03668261861384209,
    ],
    [
        0.024504285082390193,
        -0.07257116931361561,
        0.1178491842064995,
        -0.15859832104091134,
        0.19325261334068441,
        -0.22048031608708904,
        0.2392350839330521,
        -0.24879618166804926,
        0.2487961816680492,
        -0.23923508393305196,
        0.22048031608708882,
        -0.19325261334068328,
        0.15859832104091098,
        -0.11784918420649831,
        0.07257116931361537,
        -0.024504285082389183,
        -0.024504285082390095,
        0.07257116931361626,
        -0.11784918420649912,
        0.1585983210409117,
        -0.193252613340685,
        0.22048031608708965,
        -0.23923508393305196,
        0.2487961816680492,
        -0.24879618166804915,
        0.23923508393305182,
        -0.22048031608708776,
        0.19325261334068466,
        -0.15859832104090857,
        0.11784918420649869,
        -0.07257116931361408,
        0.02450428508239138,
    ],
    [
        0.012266918581854531,
        -0.036682618613840576,
        0.06074504497581606,
        -0.08422246334805525,
        0.1068887733575707,
        -0.12852568604830594,
        0.14892482612310806,
        -0.16788973871175497,
        0.18523778133873947,
        -0.20080188287016146,
        0.2144321525000682,
        -0.22599732328086095,
        0.23538601629575526,
        -0.24250781329863605,
        0.24729412749119525,
        -0.2496988640512931,
        0.2496988640512931,
        -0.247294127491195,
        0.24250781329863602,
        -0.23538601629575465,
        0.22599732328086017,
        -0.21443215250006814,
        0.20080188287016035,
        -0.18523778133874003,
        0.1678897387117536,
        -0.14892482612310873,
        0.12852568604830436,
        -0.10688877335757105,
        0.08422246334805394,
        -0.0607450449758132,
        0.03668261861383942,
        -0.012266918581855303,
    ],
];
